45.44
43.14
46.66
58.61
65.97
53.20
51.91
56.65
49.95
55.24
53.22
61.59
51.37
57.16
63.75
58.82
49.36
49.53
40.29
43.40
42.02
67.99
55.70
49.91
49.93
40.02
54.43
55.09
50.48
48.68
47.32
52.51
37.33
45.82
46.09
40.89
45.96
44.80
43.97
59.95

59.64
49.07
62.14
66.02
39.47
46.56
45.03
46.81
38.28
39.39
54.19
48.98
42.86
45.36
55.64
52.21
46.90
44.67
56.94
55.61
61.66
54.17
52.65
58.20

41.08
41.13
41.70
37.02
46.66
52.18
49.24
56.46
56.08
66.07
57.43
63.14
63.65
53.43
54.76
51.10
58.80
57.43
42.14
38.26
40.23
39.49
40.66
40.14
38.92
40.15
37.61
38.09
35.36
36.18
37.15
35.67
38.83
39.93
39.75
35.50
40.27
38.27
35.33
39.18
39.97
36.09
38.64
34.11
43.59
45.82
41.73
