48.28
53.19
36.72
70.89
45.06
45.21
42.41
46.00
43.26
70.41
45.62
46.54
49.57
55.26
59.84
48.10
51.83
49.88
53.10
50.59
49.29
55.54
50.14
52.20
54.29
50.23
47.34
55.09
47.09
51.33
53.53
59.53
45.77
54.83
48.65
55.86
49.78
44.75
47.66
43.00
44.38
47.48
45.18
47.59
77.57
44.34
47.09
41.12
46.64
38.32
46.91
42.90
37.75

39.65
38.45
52.14
44.55
52.23
49.97
51.28
44.07
47.98
52.41
54.47
45.59
38.91
48.18
44.68
58.19
42.53
50.36
56.15
58.83
64.32
50.16
52.79
49.75
53.73
48.51
43.40
43.19
46.67
41.00
39.75
38.82
37.89
37.48
39.57
45.39
37.16
39.14
47.41
40.86
36.55
45.42
52.38
55.23
54.48
49.78
58.26
58.34
57.78
38.55
38.07
37.78
35.99
36.97
45.55
40.18
42.44
43.14
40.86
39.00
40.62
40.80
38.04
41.58
37.73
39.62
37.72
35.18
40.53
39.44
38.06
39.68
33.80
39.02
41.09
33.55
49.25
39.04
40.59
39.70
48.22
38.94
46.79
42.64
