20.36
23.80
22.51
24.21
21.25
25.60
25.58
25.08
25.65

20.34
21.51
21.73
25.01
26.71
19.37
28.74
27.62
22.52
26.63
26.46
21.56
27.62
27.14
22.35
24.01
25.32
25.96
24.73
30.36
26.04
28.63
29.02
25.00
25.32
23.22
25.54
24.26
23.36
20.76
28.86
27.68
24.78
20.65
24.76
22.66
24.46
23.46
26.41
27.07
24.97
26.03
23.08
22.70
25.13
25.91
25.11
26.67
22.84
20.27
24.04
20.49
22.37
23.02
22.10
23.99
22.44
27.60
26.61
24.95
24.40
19.19
25.16
20.90
22.67
24.15
26.10
21.71
25.58
26.15
22.77
30.53
27.43
22.32
25.55
31.72
30.58
24.35
24.27
25.44
23.37
27.97
27.50
25.19
28.08
26.42
23.76
25.12
24.45


22.62
25.32
24.03
22.25
24.13
23.22
20.37
28.29
22.40
27.61
23.00
28.10
23.36
23.08
25.35
45.34
26.11
24.41
49.03
51.79
38.26
28.61
27.10
23.92
25.98
23.30
26.28
19.97
49.69
33.77
25.42
53.86
22.39
