22.25
24.50
24.20
23.44
20.29
24.09
24.90
21.28
22.37
22.98
16.18
21.54
21.81
21.18
22.63
19.04
21.09
25.53
18.44
20.03
28.70
28.16
23.06
23.81
26.05
27.20
22.05
27.79
24.99
27.76
21.46
26.72
24.46
24.80
24.26
28.56
23.45
23.36
20.03
25.25
23.48
25.67
24.59
20.87
25.50
42.89
22.55
23.98
24.78
24.00
24.00
24.96
23.03
23.48
24.25
21.75
23.21
20.06
24.27
22.82
22.86
22.84
24.11
24.73
27.65
29.00
26.26
25.18
24.39
23.63
24.18
30.81
20.80
26.06
27.22
26.77
23.58
23.78
20.05
23.69
25.55
23.92
31.51
25.94
23.56
26.53
31.11
28.51
23.18
24.70
22.36
26.12
25.87
25.38
23.08
27.65
25.78
23.39
24.60
27.95
24.11
26.40
27.92
32.18
23.18
21.85
24.12
21.72
21.20
21.28
27.06
21.16
27.66
24.38
29.35
23.91
24.52
23.76
25.42
24.18
24.55
26.11
18.68
27.64
47.01
47.95
38.83
24.32
24.90
22.88
26.88
28.24
26.54
23.62
45.22
35.56
36.38
24.22
26.02
26.04
23.00
26.91
24.95
26.56
39.97
24.55
43.99
22.42
28.17
28.60
23.00
41.02
26.44
42.53
